44
49
51
56
46
59
45
42
49
50
34
65
56
37
45
47
53
36
46
50
50
72
53
53
50
52
59
53
49
41
34
55
53
47
66
49
51
56
49
70
41
47
42
52
43
50
51
63
51
58
42
63
42
47
46
36
40
40
46
45
41
40
30
50
51
44
51
41
55
47
58
60
53
50
36
52
59
56
60
52
55
47
46
50
65
46
53
51
60
56
48
47
52
48
29
60
53
51
56
60
43
58
44
59
44
43
36
43
58
49
58
53
56
46
42
52
53
56
52
60
48
61
39
38
48
58
63
53
49
43
50
42
53
36
51
50
53
59
61
42
44
52
48
48
53
46
44
60
57
61
48
33
55
45
47
34
47
37
48
53
46
53
47
51
51
50
57
59
35
47
57
54
44
51
40
67
50
63
55
66
64
59
52
54
36
60
50
49
57
51
51
52
48
47
42
50
63
43
39
51
37
40
53
44
62
53
52
53
51
41
47
43
53
52
51
59
53
53
60
45
49
54
43
43
41
43
46
36
53
48
50
42
52
50
67
57
33
47
60
42
50
58
47
52
49
48
61
45
47
53
52
55
38
36
49
57
48
45
48
49
49
44
52
48
41
64
42
47
38
61
62
40
55
34
39
56
72
48
48
53
44
52
55
40
62
58
49
50
47
57
47
38
67
47
62
41
46
37
56
67
43
48
50
53
57
50
50
49
50
53
50
41
56
70
49
61
52
48
42
50
55
48
55
64
58
55
36
49
54
36
47
56
46
29
56
51
51
33
43
49
67
50
50
57
46
53
51
49
70
44
51
57
53
42
48
53
48
47
53
42
44
46
46
30
35
51
39
53
60
55
44
50
57
42
50
56
48
60
54
51
51
30
52
46
41
63
52
58
40
36
45
46
52
43
39
58
61
62
47
49
69
46
43
53
47
65
53
56
49
60
50
50
55
41
65
47
62
65
47
56
47
52
60
44
68
51
62
51
47
48
49
42
55
40
65
39
60
52
55
36
50
52
41
48
44
60
67
52
52
47
47
47
53
64
45
49
55
55
48
54
40
63
53
54
55
47
56
47
58
62
53
55
50
56
54
52
64
56
64
62
42
44
60
62
46
47
56
44
41
47
47
64
46
51
57
48
50
52
47
41
58
59
43
47
46
60
44
55
40
50
50
48
45
43
51
50
53
48
48
47
48
52
52
55
59
36
48
65
53
60
43
65
52
42
50
43
70
53
39
46
58
58
53
52
48
43
51
60
47
52
47
53
57
60
39
50
53
47
48
48
55
47
53
51
43
30
48
48
41
57
48
39
56
61
55
36
54
46
46
48
51
56
46
42
55
43
44
49
52
52
53
48
50
60
47
50
54
60
47
45
50
52
41
60
58
40
55
51
47
59
53
46
53
48
60
46
51
46
63
55
37
46
72
50
42
47
43
53
45
49
34
49
48
50
57
52
57
34
50
40
56
46
56
63
53
51
43
48
45
47
53
50
49
52
56
50
49
62
61
40
55
51
56
58
52
51
52
35
48
42
29
59
59
47
50
42
36
39
53
42
50
56
50
62
59
41
39
49
60
54
53
56
47
56
51
57
55
67
49
57
46
45
45
46
42
46
37
50
51
52
36
51
49
50
25
33
56
33
42
43
39
47
56
48
52
40
49
52
50
60
47
47
49
39
47
56
53
37
52
56
47
61
51
53
59
65
63
50
64
33
52
49
63
57
52
60
49
51
46
52
56
44
64
49
52
48
60
49
50
50
62
40
58
53
52
51
35
63
60
44
50
49
46
33
56
50
65
44
51
53
56
52
47
59
39
52
41
51
60
45
51
53
47
53
51
48
52
65
49
33
52
59
38
59
58
53
47
34
69
46
52
56
35
66
49
60
59
45
52
50
52
47
37
36
58
48
43
56
44
47
52
50
48
38
50
53
50
33
47
51
49
43
45
47
55
50
55
55
35
53
72
60
54
60
53
48
52
46
53
52
55
41
53
55
43
33
54
42
48
45
36
59
41
49
42
41
65
52
51
55
45
51
60
58
64
48
47
42
51
44
52
59
50
49
56
53
47
42
51
49
49
51
33
48
46
53
67
54
46
49
34
42
59
50
59
59
50
31
54
44
43
43
67
48
60
49
53
61
50
44
49
53
57
50
44
48
48
51
42
56
48
38
52
48
50
36
51
49
54
53
48
48
54
58
48
50
48
50
55
55
56
50
46
34
45
48
55
54
54
52
53
61
50
52
49
64
56
52
46
50
51
62
46
49
29
40
45
