17
19
19
20
23
22
20
19
19
23
21
19
24
15
23
18
18
15
18
19
18
18
21
21
20
23
17
19
20
16
18
21
17
17
21
18
20
18
21
14
20
21
21
19
20
17
18
16
20
19
13
17
21
19
21
17
16
19
24
21
21
21
18
16
14
17
18
20
24
11
24
21
21
20
16
14
21
15
20
17
16
25
14
20
25
23
20
19
18
19
15
7
21
11
23
23
21
20
15
14
18
20
17
16
18
19
103
151
143
143
141
72
113
127
110
112
149
135
80
112
146
134
181
163
188
115
169
67
132
142
160
152
172
176
126
142
132
38
131
75
119
149
75
88
133
136
177
142
120
163
154
88
121
103
149
180
147
116
106
114
88
76
140
84
165
187
131
142
96
190
133
66
126
127
119
99
145
120
75
107
175
136
130
130
148
147
157
99
191
97
122
130
170
132
123
127
193
136
130
125
177
128
165
106
178
164
118
180
128
88
154
184
86
152
186
144
146
126
180
153
143
118
129
152
90
137
176
156
140
78
197
103
92
132
112
92
187
154
129
184
180
110
173
123
134
153
88
100
102
173
171
122
180
130
129
132
181
173
154
72
105
131
117
208
79
135
123
105
78
167
98
131
133
147
121
103
118
151
144
176
188
209
144
138
165
122
188
139
43
176
112
106
161
89
168
126
161
129
137
166
160
171
145
131
146
117
111
130
133
86
127
158
145
126
131
134
169
137
65
132
128
143
127
112
134
130
91
135
105
76
102
111
162
166
134
179
102
189
208
127
138
135
79
165
85
238
135
177
167
93
167
179
99
80
176
137
184
142
125
142
111
78
131
191
144
178
131
181
135
175
159
148
218
95
180
127
160
125
43
115
181
128
84
144
140
191
114
167
173
190
146
82
87
150
152
147
134
74
113
186
75
164
217
124
159
42
105
126
121
151
162
137
130
122
74
141
102
78
170
142
153
68
147
110
206
140
79
177
234
136
163
113
174
187
171
130
111
154
80
132
151
45
150
112
168
156
187
125
146
156
137
120
175
168
49
137
202
127
156
138
199
128
222
117
83
167
106
194
140
96
63
139
127
170
91
162
122
141
158
109
126
94
164
129
140
78
76
156
152
136
156
176
222
153
168
78
127
170
133
124
175
45
124
100
186
139
118
123
113
123
85
145
110
139
4
131
140
179
135
171
119
182
100
137
159
134
154
86
140
131
40
101
119
203
136
164
142
131
183
123
139
204
114
165
125
107
130
163
123
125
146
126
100
172
137
138
137
129
134
199
127
187
141
188
161
188
139
173
169
124
93
148
167
190
181
84
121
192
123
115
90
164
149
128
132
124
193
232
192
141
84
174
150
183
125
93
128
75
99
157
130
210
122
140
125
170
175
145
138
126
129
149
117
84
124
181
163
161
132
109
145
68
166
130
169
119
129
127
149
145
156
165
157
187
154
186
114
130
161
127
130
192
134
157
120
155
130
126
201
84
137
130
159
107
207
151
149
152
158
166
132
116
172
81
71
175
83
138
129
132
164
168
123
207
165
117
122
144
116
141
154
141
138
94
154
93
133
72
150
174
201
167
142
90
70
171
120
138
148
131
121
155
131
136
115
174
149
139
124
164
89
170
96
89
140
142
142
124
134
91
134
131
113
141
191
150
169
135
121
114
77
140
152
155
128
125
171
131
137
123
180
129
177
79
158
126
141
112
91
132
182
110
109
97
180
119
69
71
142
133
127
86
74
122
69
136
138
160
112
167
143
138
134
139
157
162
202
175
143
133
89
133
123
154
173
115
47
114
205
90
88
150
117
163
184
147
125
72
136
135
134
144
220
138
52
83
129
107
190
150
170
146
121
95
87
165
161
124
132
148
136
164
171
134
133
130
79
146
107
185
128
101
117
139
177
225
89
133
170
206
195
134
46
99
96
153
111
161
156
108
148
203
111
92
159
100
77
120
134
173
146
190
171
154
93
63
148
96
173
155
70
113
175
123
154
136
140
137
199
128
120
71
152
151
134
184
229
134
92
170
131
117
116
139
127
146
117
151
135
127
146
177
122
90
148
112
80
77
178
143
111
132
181
114
96
198
169
79
164
100
127
230
139
154
201
129
153
164
154
177
131
119
171
173
122
132
126
170
150
128
185
95
184
88
113
124
169
163
133
128
157
136
129
91
140
124
114
146
125
86
166
181
169
151
164
168
128
190
150
111
107
87
115
140
191
135
180
180
95
125
112
132
181
185
141
157
195
132
180
179
139
138
175
176
118
132
132
120
175
80
116
105
117
178
130
174
117
189
138
126
115
124
127
130
173
94
140
121
140
186
94
134
85
145
161
226
74
132
84
157
176
141
187
149
121
198
168
138
161
139
82
222
93
175
132
135
69
129
188
161
139
135
204
101
125
162
124
106
192
131
149
118
89
134
160
130
172
91
186
194
95
137
154
144
148
211
188
111
193
136
143
98
151
141
192
180
115
89
123
148
162
146
135
132
176
121
175
116
202
204
180
147
152
191
150
233
161
134
152
128
89
85
160
199
184
129
145
162
149
135
131
166
118
110
187
212
122
149
122
187
124
177
141
139
86
82
185
90
203
124
114
148
153
70
121
175
185
74
99
85
173
192
145
171
113
177
112
154
137
96
94
86
134
84
125
169
174
131
174
134
89
130
146
129
130
135
138
106
144
94
199
152
110
125
170
138
167
207
133
174
103
187
115
124
184
176
182
75
141
168
149
213
90
91
159
194
229
144
176
128
164
164
203
192
122
143
114
120
169
184
144
118
172
125
175
84
128
122
192
132
131
77
109
171
170
154
170
139
186
141
171
140
188
93
207
178
126
188
143
133
219
158
116
121
196
124
139
74
95
163
167
114
155
119
153
119
107
130
110
180
115
143
156
97
119
92
152
166
125
136
136
151
74
106
105
38
148
177
233
127
130
87
215
146
126
145
160
148
92
172
223
155
124
139
125
148
155
181
77
147
130
193
86
88
132
124
154
153
82
125
111
150
130
151
106
166
127
123
99
145
89
190
141
250
119
116
183
152
272
94
174
157
78
176
93
185
73
205
226
137
124
160
166
116
122
122
155
84
54
122
131
142
166
133
141
139
112
128
106
130
169
143
227
132
167
162
123
193
121
122
122
189
139
132
97
118
145
129
84
173
125
141
149
136
83
96
104
138
108
148
188
165
157
94
102
123
159
135
151
186
120
88
164
120
79
160
117
133
87
123
87
139
113
157
203
136
75
75
184
165
133
119
124
131
130
172
119
164
144
168
177
95
220
150
97
47
158
187
172
85
122
155
118
144
120
159
124
122
168
162
188
159
138
131
128
193
104
139
134
128
178
78
123
142
192
117
133
138
127
155
135
132
127
102
133
166
150
186
133
179
126
154
159
97
94
142
164
43
103
47
115
177
152
89
133
183
85
146
122
151
173
137
161
95
180
132
192
138
141
116
195
162
198
71
146
127
185
164
129
133
141
155
171
70
125
176
126
85
99
159
215
182
150
113
168
169
155
128
142
183
232
163
140
83
145
178
192
132
113
167
218
51
141
175
113
188
135
158
174
75
170
171
129
88
161
137
91
161
144
139
123
155
128
101
168
129
198
138
132
121
93
144
140
175
191
99
130
116
47
65
205
146
118
160
121
141
135
158
128
104
120
179
139
125
113
33
114
130
126
149
75
122
144
78
78
182
148
162
135
124
186
116
136
127
152
129
89
174
143
104
181
128
180
161
131
204
158
142
132
79
98
166
190
108
110
129
153
144
100
96
75
185
118
93
131
115
240
64
124
147
146
128
176
117
121
138
150
208
133
141
158
160
164
133
116
97
83
122
128
86
132
160
101
135
132
187
131
195
121
181
114
136
142
161
171
68
181
164
138
182
119
194
99
124
120
124
198
145
172
175
110
230
81
149
124
56
148
146
199
140
139
202
120
124
179
67
193
171
82
205
118
204
131
124
127
123
163
115
131
122
111
117
197
129
155
79
158
156
118
137
138
127
190
203
140
129
189
119
97
150
157
93
126
203
106
137
116
166
106
150
193
203
170
119
137
138
125
81
153
147
73
107
121
137
174
126
143
134
148
173
126
95
171
118
128
121
161
122
220
108
156
121
130
141
115
143
83
136
96
126
118
142
160
147
160
164
169
122
117
135
80
202
89
142
125
169
180
150
183
119
137
174
122
193
75
230
177
138
169
161
135
123
159
150
143
154
117
142
180
116
152
209
137
136
114
74
157
155
132
147
191
108
141
35
136
165
97
177
74
81
138
166
141
121
136
95
142
194
140
84
154
179
132
154
151
132
138
193
171
122
79
125
149
142
40
181
62
143
132
118
154
150
132
125
206
75
103
142
88
141
79
119
132
127
88
136
147
132
79
82
180
95
208
142
119
166
140
80
165
135
112
139
187
123
120
96
177
156
139
119
89
132
132
105
128
188
119
85
80
101
178
110
137
157
162
111
96
187
185
110
168
96
82
119
143
121
113
113
79
102
150
145
203
174
145
92
125
105
148
131
143
199
131
130
119
133
124
83
174
162
130
112
110
133
182
88
102
114
124
182
116
121
147
83
126
140
139
170
195
139
131
78
131
100
141
125
86
133
108
131
129
125
155
89
74
134
135
141
142
117
47
105
172
121
190
130
179
106
88
109
147
158
141
210
48
102
136
156
176
154
180
113
147
127
156
136
147
164
190
130
188
192
132
136
121
155
84
122
147
104
79
185
67
141
95
138
102
105
165
107
135
182
150
97
132
145
141
158
145
183
125
171
127
164
138
153
148
113
116
34
159
104
157
76
138
152
158
139
166
141
243
164
128
135
131
143
174
110
142
188
129
135
121
129
159
110
140
145
165
171
188
126
117
151
186
130
148
105
133
140
146
176
151
177
143
140
183
91
136
138
175
145
224
166
121
163
175
79
149
155
143
144
181
84
132
177
102
85
88
116
198
94
127
214
121
69
158
155
78
160
168
137
104
138
85
79
167
153
143
125
128
122
213
155
225
153
179
177
121
162
193
84
167
192
122
129
172
108
164
189
131
127
91
165
112
123
171
128
147
133
144
131
110
52
80
176
206
109
138
190
135
120
118
123
172
99
99
140
260
149
169
98
170
145
177
162
88
131
101
36
139
140
71
138
113
163
69
109
133
159
164
170
129
156
170
156
122
168
94
138
215
75
194
118
81
134
119
108
176
179
168
117
44
124
87
149
141
140
131
113
112
160
121
136
121
160
152
150
132
116
112
136
161
181
125
154
153
140
171
156
141
166
36
135
89
153
153
116
118
119
142
183
181
110
82
102
105
153
144
197
145
87
116
143
139
154
121
110
79
186
148
127
163
140
171
146
81
145
176
156
121
93
156
103
86
191
123
123
131
159
140
142
128
189
160
121
127
129
146
125
130
122
197
155
151
116
115
116
152
96
158
130
163
182
127
83
166
173
129
173
193
173
126
181
180
127
139
127
140
86
151
145
118
126
130
129
145
131
74
152
128
108
121
137
144
169
162
165
147
134
73
127
186
108
133
88
142
128
115
138
154
138
177
85
138
167
133
86
157
120
85
91
95
135
149
157
109
134
167
135
165
230
71
80
160
180
132
89
120
132
163
132
121
186
167
98
152
129
167
175
129
41
147
127
78
163
153
138
159
178
131
79
132
179
173
150
191
137
214
157
109
161
191
119
92
152
103
137
199
88
29
172
104
176
171
87
107
135
196
109
157
123
85
99
112
134
192
122
110
107
152
159
136
98
173
142
89
185
192
205
141
136
139
180
111
163
121
168
147
180
117
150
145
86
183
159
125
149
256
94
121
214
126
118
131
165
176
159
117
135
152
141
143
147
178
83
162
165
185
171
135
168
159
173
187
132
115
141
129
126
186
151
146
82
137
74
121
193
133
51
179
88
149
73
128
138
146
127
111
175
120
150
137
123
161
146
133
117
129
121
185
169
204
178
208
167
121
145
149
133
35
123
175
112
56
147
140
115
156
129
87
133
86
134
76
177
71
135
139
196
125
149
177
126
115
129
127
89
115
186
83
91
131
149
146
128
170
192
186
119
158
122
134
96
177
89
137
129
140
111
156
156
171
115
88
136
149
145
148
130
98
145
189
143
100
106
180
90
128
149
169
118
127
142
127
188
166
150
97
184
106
142
131
175
132
144
169
127
165
161
152
241
154
148
168
97
118
140
106
145
146
142
136
151
30
123
155
96
142
139
155
78
179
169
