60
52
48
49
52
42
55
58
45
47
51
47
59
48
67
54
59
53
47
50
49
53
50
42
53
47
36
43
38
27
40
46
47
51
56
53
50
52
59
52
381
478
343
443
390
388
361
438
495
360
295
319
361
335
407
432
331
283
435
251
317
399
368
295
265
377
253
260
524
440
381
274
358
398
299
348
365
323
299
420
280
328
369
186
513
388
421
407
389
271
318
353
290
330
422
433
344
341
243
384
416
363
240
320
351
236
297
263
229
376
290
298
379
373
426
307
354
539
314
312
328
330
312
402
314
286
430
406
390
389
358
252
321
258
340
380
346
371
279
368
271
349
502
285
304
300
360
423
273
520
403
354
390
339
260
367
305
400
389
420
432
375
362
346
389
378
416
377
494
381
369
296
370
375
372
329
412
372
373
230
385
393
431
345
249
295
586
342
343
435
365
283
380
173
354
277
326
370
445
281
335
408
322
268
270
434
434
338
398
257
344
205
430
362
338
294
346
347
380
279
391
420
344
374
264
387
303
419
349
367
410
360
249
426
364
325
490
316
395
345
308
284
392
390
366
402
338
298
305
471
454
385
382
311
315
394
305
338
290
287
536
350
356
340
307
463
356
300
300
427
385
408
421
337
493
410
413
302
401
367
310
406
318
381
357
341
337
346
420
275
368
391
420
373
424
380
283
335
338
372
286
249
348
312
433
384
256
298
357
512
331
344
341
278
380
379
343
321
329
361
323
229
290
396
220
272
279
347
320
398
424
285
247
411
358
412
335
323
298
332
323
244
386
264
415
431
350
301
356
306
415
457
352
337
376
324
277
325
406
389
290
365
339
388
366
321
414
372
332
297
389
384
343
385
335
350
344
276
319
302
478
200
297
295
342
233
282
251
219
290
505
413
280
397
332
430
326
304
321
323
442
312
513
424
408
387
343
337
202
291
288
440
361
293
287
332
357
259
298
419
282
387
323
335
369
292
278
351
411
401
373
346
393
351
335
450
339
371
249
263
277
473
410
338
431
397
430
323
392
488
409
313
358
398
306
335
350
402
371
443
281
316
401
288
431
376
344
369
377
352
455
332
451
381
271
299
278
354
290
444
267
349
381
352
424
207
348
272
318
409
302
563
299
296
273
391
284
277
232
363
353
320
510
417
344
302
302
301
343
529
369
397
326
374
427
275
383
348
352
325
368
384
349
294
330
417
362
384
280
354
371
434
379
365
362
397
352
349
461
363
329
339
369
338
392
344
432
265
236
334
381
443
261
320
389
329
324
377
300
466
314
376
368
455
343
427
450
294
382
255
609
288
410
312
491
295
379
385
454
409
292
305
342
499
540
227
430
369
388
423
528
394
252
437
344
245
465
356
236
341
502
225
397
284
308
380
468
309
381
343
361
389
447
359
229
229
337
313
346
338
466
352
338
324
435
265
354
484
325
319
346
312
345
408
282
341
408
372
352
372
378
350
292
317
349
340
294
304
309
358
316
397
464
436
351
395
307
373
295
236
347
274
324
257
406
312
457
494
336
241
386
294
373
437
519
370
390
316
388
353
360
357
280
266
414
378
397
317
337
319
358
356
390
317
367
352
335
367
274
234
285
368
315
429
258
445
329
365
351
443
366
284
411
361
356
337
396
446
337
349
230
338
359
334
299
393
444
317
393
433
297
376
377
390
323
305
387
455
475
341
312
384
308
527
335
365
361
274
357
198
317
304
288
441
276
283
335
385
425
385
417
372
265
371
385
502
357
354
356
268
273
425
402
312
359
340
277
336
290
457
313
456
305
311
511
380
412
321
316
495
289
314
339
276
354
261
360
353
264
388
312
373
409
387
455
368
254
340
341
307
365
337
341
362
290
341
263
416
430
404
316
379
458
360
360
325
430
463
402
384
392
374
395
384
265
362
313
361
413
370
243
395
227
424
383
385
403
323
323
379
294
317
354
340
334
308
323
329
327
404
257
350
381
365
351
417
421
473
356
306
436
421
261
451
396
355
426
272
378
321
365
271
356
360
447
387
359
391
524
205
296
251
337
417
402
383
275
321
377
410
344
409
247
417
403
346
285
308
335
321
402
411
356
308
295
400
350
338
423
441
412
292
348
416
319
363
257
313
433
250
279
391
417
380
274
333
412
457
417
378
376
287
359
349
332
288
323
517
431
319
346
321
362
308
428
373
318
379
339
338
348
383
487
293
397
369
328
351
330
391
293
381
315
288
526
368
420
348
429
395
466
283
327
272
431
389
359
314
465
318
381
383
298
270
