47
54
35
61
51
52
49
53
46
57
50
40
56
25
47
52
43
56
64
56
55
51
60
40
54
40
42
60
56
33
54
47
60
47
55
33
54
58
55
381
49
347
333
386
405
447
330
371
332
330
387
376
416
282
328
405
286
357
415
264
318
329
367
268
321
368
411
308
259
227
321
317
249
377
370
248
292
321
359
255
364
255
359
328
421
328
458
347
340
439
330
270
327
351
347
326
442
317
393
326
370
306
266
297
387
370
312
205
469
395
360
370
359
386
366
310
380
457
288
421
313
417
340
482
321
432
319
331
354
352
343
367
306
264
326
302
361
277
337
475
301
231
283
358
363
337
350
412
368
361
358
441
403
311
371
475
337
369
264
364
316
232
321
313
364
283
386
297
333
334
345
261
327
261
418
363
336
239
540
342
408
393
431
319
257
412
402
227
394
300
412
368
445
326
346
414
332
312
352
290
362
421
341
355
408
444
355
322
357
315
348
253
301
460
359
479
229
219
319
326
366
372
320
332
409
350
272
335
332
419
283
394
316
320
355
370
288
376
329
308
384
383
295
336
323
416
226
289
438
368
274
526
417
343
355
392
353
277
213
374
335
352
478
360
383
301
556
303
222
388
428
410
343
278
415
348
367
362
421
477
397
290
373
290
295
372
362
371
372
373
402
361
265
252
332
366
480
390
262
301
394
320
233
326
325
304
443
296
383
383
360
276
319
301
391
299
346
345
210
335
337
357
313
325
292
302
412
485
306
515
399
293
330
264
250
298
411
301
340
329
382
349
400
346
379
602
409
414
387
412
308
449
318
447
319
318
429
226
364
240
301
253
327
266
377
352
312
395
363
362
358
362
331
381
334
320
319
343
337
480
306
434
285
331
315
527
372
469
343
435
322
343
339
283
467
296
327
362
350
308
464
343
368
406
399
344
507
276
318
485
348
236
335
446
290
226
349
489
237
237
312
359
367
246
292
393
275
340
351
407
273
388
336
353
385
352
330
284
459
333
422
325
225
307
372
410
343
342
256
418
298
283
309
362
343
393
328
314
242
384
466
444
334
405
276
362
247
410
297
343
362
335
314
369
367
210
441
364
340
317
358
368
365
371
327
292
231
370
439
290
384
320
423
433
393
303
309
329
346
365
359
413
328
328
388
360
331
370
197
314
315
309
268
254
302
351
441
339
330
336
244
351
507
372
284
307
295
317
272
363
341
519
392
248
374
299
325
419
319
243
345
310
371
330
412
374
323
307
481
212
283
384
395
355
250
370
345
300
373
269
268
320
325
337
300
439
376
446
338
321
539
365
341
327
264
428
436
380
418
344
400
415
407
303
421
391
411
403
428
431
291
472
500
278
360
308
341
443
493
305
363
363
365
251
433
413
422
333
415
282
276
324
352
345
323
316
419
281
362
380
397
347
275
289
336
270
371
441
376
386
309
417
491
406
382
286
314
430
420
450
293
301
316
355
403
253
400
502
337
217
321
446
342
398
403
347
372
336
346
268
316
442
340
325
271
415
210
381
354
363
420
370
336
375
244
310
344
278
341
454
381
232
351
378
441
280
197
294
308
320
369
358
490
326
401
360
368
308
309
426
419
317
393
404
331
352
300
290
371
341
339
350
346
410
345
361
261
351
344
352
406
213
308
202
489
294
233
264
422
314
376
410
310
256
290
417
262
401
394
419
335
344
272
306
349
389
366
367
355
359
305
346
362
357
385
468
356
203
243
361
367
303
411
323
362
227
379
341
333
282
404
304
421
390
313
404
339
355
314
366
365
141
275
369
405
352
286
362
371
356
449
345
313
237
245
408
302
308
398
405
283
284
462
424
349
334
311
388
260
354
298
298
310
283
390
407
387
432
390
310
306
500
267
341
284
235
489
261
393
384
359
246
395
347
349
443
411
346
355
318
310
325
309
276
415
319
365
352
417
325
386
445
396
214
326
406
395
398
473
324
352
314
314
288
293
341
447
362
447
303
381
552
450
417
358
334
385
361
311
258
402
198
284
385
346
347
317
256
317
390
269
397
307
353
288
281
300
482
347
393
369
418
346
394
299
348
255
368
268
322
373
366
236
323
256
370
395
258
278
317
316
463
245
354
345
301
357
252
423
251
320
351
320
400
365
303
324
319
298
200
328
319
268
364
206
372
331
389
264
356
381
299
293
375
362
366
410
222
358
430
313
299
361
298
352
413
355
297
376
337
426
360
336
311
255
383
336
189
298
265
349
252
392
340
357
285
240
438
250
435
351
524
355
244
343
304
218
278
288
306
282
385
335
407
380
394
324
368
